{
  "advancedEditorSelectedIdentifier" : "ProjectBrowser",
  "openSceneRelativePaths" : [
    "Scene.usda"
  ],
  "recentIdentifiers" : {

  },
  "sceneCameraHistory" : {
    "26DBAE76-5DD8-47B6-A085-1B4ADA111097" : [
      {
        "date" : 710889237.29017401,
        "title" : "Untitled",
        "transform" : [
          0.22177337110042572,
          5.2549662399314911e-09,
          -0.97509831190109253,
          0,
          0.083207190036773682,
          0.99635261297225952,
          0.018924426287412643,
          0,
          0.97154158353805542,
          -0.085332237184047699,
          0.22096443176269531,
          0,
          43.846954345703125,
          -3.2275142669677734,
          22.079916000366211,
          1
        ]
      },
      {
        "date" : 710868693.37709999,
        "title" : "Untitled",
        "transform" : [
          0.22177337110042572,
          5.2549662399314911e-09,
          -0.97509831190109253,
          0,
          0.083207190036773682,
          0.99635261297225952,
          0.018924426287412643,
          0,
          0.97154158353805542,
          -0.085332237184047699,
          0.22096443176269531,
          0,
          144.78048706054688,
          50.803691864013672,
          19.714826583862305,
          1
        ]
      },
      {
        "date" : 710868686.47766304,
        "title" : "Untitled",
        "transform" : [
          0.19803646206855774,
          4.0888004093631025e-10,
          -0.98019462823867798,
          0,
          -0.50555825233459473,
          0.85672515630722046,
          -0.10214190185070038,
          0,
          0.83975744247436523,
          0.51577317714691162,
          0.16966281831264496,
          0,
          7.4884185791015625,
          4.5993533134460449,
          1.5223526954650879,
          1
        ]
      }
    ]
  }
}